16 16 
0 0 0 0 0 0 0 0 0 0 0 0 0 0 0 0 
0 0 0 5 5 0 0 0 0 0 0 5 0 0 0 0 
0 0 5 5 5 0 0 0 0 5 5 5 5 0 0 5 
0 7 5 15 5 5 0 0 5 5 5 5 5 5 5 5 
7 7 7 5 5 5 5 5 5 5 5 5 5 5 5 0 
7 7 7 5 5 5 5 5 5 5 5 5 5 0 0 0 
7 0 5 5 0 0 0 5 12 12 12 5 5 0 0 0 
0 7 7 0 0 0 0 0 12 0 14 12 5 0 0 5 
0 0 0 0 0 0 0 0 12 14 0 14 12 5 0 5 
0 0 0 0 0 0 0 0 0 12 14 0 12 5 5 5 
0 0 0 0 0 0 0 0 0 0 12 14 12 0 0 0 
0 0 0 0 0 0 0 0 0 0 5 12 12 5 0 0 
0 0 0 0 0 0 0 0 0 0 12 12 5 5 0 0 
0 0 0 0 0 0 0 0 0 0 0 0 5 5 0 0 
0 0 0 0 0 0 0 0 0 0 5 5 5 5 0 0 
0 0 0 0 0 0 0 0 0 0 5 5 0 0 0 0 
