16 16 
0 0 0 0 0 0 0 0 5 5 5 5 5 5 0 0 
0 0 0 0 0 0 0 5 5 0 0 0 5 5 5 0 
0 0 0 0 0 0 0 5 0 0 0 0 0 5 0 0 
0 0 0 0 0 0 0 12 12 12 0 0 5 5 0 0 
0 0 0 0 0 0 12 14 14 14 12 12 5 5 5 5 
0 0 0 0 0 0 0 12 14 14 14 14 12 5 0 5 
0 0 0 0 0 0 0 0 12 14 14 12 5 0 0 0 
0 0 0 0 0 0 0 0 12 14 12 5 5 0 0 0 
0 0 0 0 0 0 0 0 12 14 12 5 5 0 0 0 
0 0 0 7 0 0 0 0 0 12 5 5 5 5 5 0 
0 7 0 8 7 5 5 5 0 5 5 5 5 5 5 5 
0 7 8 5 5 5 5 5 5 5 5 5 5 5 0 5 
0 0 7 5 15 5 5 5 5 5 5 5 5 0 0 0 
0 0 0 5 5 5 5 5 0 0 5 5 0 0 0 0 
0 0 0 0 5 5 5 0 0 0 0 0 0 0 0 0 
0 0 0 0 0 5 5 0 0 0 0 0 0 0 0 0 
