16 16 
0 0 0 0 0 12 12 12 0 0 0 0 0 0 0 0 
0 0 0 0 12 13 13 12 0 0 0 0 0 0 0 0 
0 0 0 0 0 12 14 13 12 0 0 0 0 0 0 0 
0 0 0 0 0 12 13 14 14 12 0 0 0 0 0 0 
0 0 0 0 0 12 13 14 13 14 12 5 8 8 5 0 
0 8 8 0 0 5 12 13 14 13 12 5 5 12 8 0 
0 8 0 8 5 5 5 12 5 5 13 12 12 5 5 0 
0 0 0 5 5 5 5 5 5 5 5 5 5 5 5 5 
0 8 0 8 5 5 5 12 5 5 13 12 12 5 5 0 
0 8 8 0 0 5 12 13 14 13 12 5 5 12 8 0 
0 0 0 0 0 12 13 14 13 14 12 5 8 8 5 0 
0 0 0 0 0 12 13 14 14 12 0 0 0 0 0 0 
0 0 0 0 0 12 14 13 12 0 0 0 0 0 0 0 
0 0 0 0 12 13 13 12 0 0 0 0 0 0 0 0 
0 0 0 0 0 12 13 12 0 0 0 0 0 0 0 0 
0 0 0 0 0 0 12 0 0 0 0 0 0 0 0 0 
