16 16 
0 0 0 0 0 0 0 0 0 12 12 12 0 0 0 0 
0 0 0 0 0 0 0 0 12 14 14 12 0 0 0 0 
0 0 0 0 0 0 0 12 14 14 14 5 0 0 0 0 
0 0 0 0 0 0 12 14 14 5 7 5 0 0 5 0 
0 0 0 0 0 0 12 14 14 7 5 7 5 5 8 0 
0 8 8 0 0 5 5 12 5 5 5 5 5 8 0 0 
0 8 0 8 5 15 5 13 5 5 5 5 7 0 0 0 
0 0 0 5 5 5 5 5 13 5 5 7 7 0 0 0 
0 8 0 8 5 15 5 13 5 5 5 5 7 0 0 0 
0 8 8 0 0 5 5 12 5 5 5 5 5 8 0 0 
0 0 0 0 0 0 12 14 14 7 5 7 5 5 8 0 
0 0 0 0 0 0 12 14 14 5 7 5 0 0 5 0 
0 0 0 0 0 0 0 12 14 14 12 5 0 0 0 0 
0 0 0 0 0 0 0 0 12 14 12 0 0 0 0 0 
0 0 0 0 0 0 0 0 0 12 14 12 0 0 0 0 
0 0 0 0 0 0 0 0 0 0 12 0 0 0 0 0 
