16 16 
0 0 0 0 0 0 0 0 0 0 0 0 0 0 0 0 
0 0 0 0 0 0 8 8 0 0 0 0 0 0 0 0 
0 0 0 0 0 8 15 15 8 8 8 0 0 0 0 0 
0 0 0 8 8 8 8 8 8 1 3 8 0 0 0 0 
0 0 8 15 15 15 15 1 3 1 3 8 0 0 0 0 
0 8 15 15 15 15 3 1 1 1 3 8 8 0 0 0 
8 15 15 15 15 15 15 1 1 1 3 15 15 8 0 0 
8 15 15 15 15 15 3 1 3 1 3 8 8 0 0 0 
8 15 15 15 15 15 15 1 1 1 3 15 15 8 0 0 
0 8 15 15 15 15 3 1 1 1 3 8 8 0 0 0 
0 0 8 15 15 15 15 1 3 1 3 8 0 0 0 0 
0 0 0 8 8 8 8 8 8 1 3 8 0 0 0 0 
0 0 0 0 0 8 15 15 8 8 8 0 0 0 0 0 
0 0 0 0 0 0 8 8 0 0 0 0 0 0 0 0 
0 0 0 0 0 0 0 0 0 0 0 0 0 0 0 0 
0 0 0 0 0 0 0 0 0 0 0 0 0 0 0 0 
