16 16 
0 0 0 0 0 0 0 0 0 0 0 0 0 0 0 0 
0 0 0 0 0 0 8 8 8 8 8 0 0 0 0 0 
0 0 0 8 8 8 15 1 1 3 1 8 0 0 0 0 
0 0 8 15 15 15 15 15 1 1 1 3 8 8 0 0 
0 8 15 15 15 15 15 1 3 1 1 3 15 15 8 0 
8 15 15 12 12 15 15 15 1 1 1 3 8 8 0 0 
8 15 15 12 12 12 15 1 8 8 1 3 8 0 0 0 
8 15 15 12 12 12 15 8 15 15 8 3 15 8 0 0 
0 8 15 12 3 12 15 8 15 15 8 3 8 15 8 0 
0 0 8 1 12 12 15 15 8 8 1 3 8 8 0 0 
0 0 0 8 8 8 8 3 1 1 3 8 0 0 0 0 
0 0 0 0 0 0 0 8 8 8 8 0 0 0 0 0 
0 0 0 0 0 0 0 0 0 0 0 0 0 0 0 0 
0 0 0 0 0 0 0 0 0 0 0 0 0 0 0 0 
0 0 0 0 0 0 0 0 0 0 0 0 0 0 0 0 
0 0 0 0 0 0 0 0 0 0 0 0 0 0 0 0 
