16 16 
0 0 0 0 0 0 0 0 0 0 0 0 0 0 0 0 
0 0 0 0 0 0 8 8 0 0 0 0 0 0 0 0 
0 0 0 0 0 8 15 15 8 8 8 0 0 0 0 0 
0 0 0 8 8 8 8 8 8 2 10 8 0 0 0 0 
0 0 8 15 15 15 15 2 10 2 10 8 0 0 0 0 
0 8 15 15 15 15 10 2 2 2 10 8 8 0 0 0 
8 15 15 15 15 15 15 2 2 2 10 15 15 8 0 0 
8 15 15 15 15 15 10 2 10 2 10 8 8 0 0 0 
8 15 15 15 15 15 15 2 2 2 10 15 15 8 0 0 
0 8 15 15 15 15 10 2 2 2 10 8 8 0 0 0 
0 0 8 15 15 15 15 2 10 2 10 8 0 0 0 0 
0 0 0 8 8 8 8 8 8 2 10 8 0 0 0 0 
0 0 0 0 0 8 15 15 8 8 8 0 0 0 0 0 
0 0 0 0 0 0 8 8 0 0 0 0 0 0 0 0 
0 0 0 0 0 0 0 0 0 0 0 0 0 0 0 0 
0 0 0 0 0 0 0 0 0 0 0 0 0 0 0 0 
