16 16 
0 0 0 0 0 0 0 0 0 0 0 0 0 0 0 0 
0 0 0 0 0 0 0 8 8 8 8 8 0 0 0 0 
0 0 0 8 8 8 8 2 15 10 2 10 8 0 0 0 
0 0 8 10 12 12 15 15 8 8 10 10 2 8 8 0 
0 8 15 12 2 12 15 8 15 15 8 10 2 8 15 8 
8 15 15 12 12 12 15 8 15 15 8 10 2 15 8 0 
8 15 15 12 12 15 15 10 8 8 10 10 2 8 0 0 
8 15 15 12 12 15 15 2 10 10 2 10 2 8 8 0 
0 8 15 15 15 15 15 10 10 2 10 10 2 15 15 8 
0 0 8 15 15 15 15 10 10 10 10 10 2 8 8 0 
0 0 0 8 8 8 8 2 10 10 2 10 2 8 0 0 
0 0 0 0 0 0 0 8 8 8 8 8 8 0 0 0 
0 0 0 0 0 0 0 0 0 0 0 0 0 0 0 0 
0 0 0 0 0 0 0 0 0 0 0 0 0 0 0 0 
0 0 0 0 0 0 0 0 0 0 0 0 0 0 0 0 
0 0 0 0 0 0 0 0 0 0 0 0 0 0 0 0 
